question: Find the desk
selected_index: 0
target_map_xyz: (5.709572365154949, 0.1606150708742516, 0.514650604772603)
camera_origin_map_xyz: (6.497310152035685, -0.2742360766935117, 0.8502169506332741)
ray_map_xyz: (-0.7905563604126593, 0.45494114164131044, -0.409938042456651)
method: bbox_ray_bundle_inner_centroid_mode
matched_points: 216
target_name: desk
cluster_policy: bbox_ray_depth_mode
cluster_depth_m: 0.9650846271688055
cluster_error: 0.22239159360988936
cluster_count: 131
bbox_center: (5.709572792292114, 0.17378733818619344, 0.5060222735538124)
bbox_size: (0.15, 0.21885667538267134, 0.2900812066696072)
waypoint: {'x': 6.410102235587327, 'y': -0.22572402969931954, 'heading': 2.6376019589981534}
