question: Find the door
selected_index: 0
target_map_xyz: (6.929309632040207, 0.7780879229378064, 0.9973218977937119)
camera_origin_map_xyz: (6.469073762284836, -0.35018824921553865, 0.8502169506332549)
ray_map_xyz: (0.3889052876476665, 0.8879879623259481, 0.24541812484797576)
method: bbox_ray_bundle_inner_centroid_mode
matched_points: 278
target_name: door
cluster_policy: bbox_ray_depth_mode
cluster_depth_m: 1.2358298010668338
cluster_error: 0.22775536791811185
cluster_count: 137
bbox_center: (6.936499982316548, 0.7784620156601856, 1.0002546498781228)
bbox_size: (0.245285777652815, 0.15, 0.5414798152208709)
waypoint: {'x': 6.626906652576956, 'y': 0.0374446633237403, 'heading': 1.1831572435018072}
