question: Find the door
selected_index: 1
target_map_xyz: (0.9783920653294618, 3.5440176800270535, 1.3688105246675786)
camera_origin_map_xyz: (-0.931413620971564, 2.347424970006027, 0.8501671593894589)
ray_map_xyz: (0.831864300289055, 0.5058081806701924, 0.22838535476626184)
method: segmentation_mask_centroid_mode
matched_points: 780
target_name: door
cluster_policy: bbox_ray_depth_mode
cluster_depth_m: 2.351429805373887
cluster_error: 0.4618615667272403
cluster_count: 180
bbox_center: (0.9558960207069815, 3.4234803231871487, 1.1423012467909215)
bbox_size: (0.15, 0.741967807500377, 1.8536519744067088)
waypoint: {'x': 0.30027998370898823, 'y': 3.1195603738579307, 'heading': 0.5592748045096614}
