question: Find the chair
selected_index: 0
target_map_xyz: (1.0972698125638363, -4.041283441627415, 0.3346423983023157)
camera_origin_map_xyz: (2.954568915572794, -4.571839482445488, 0.8501993538052858)
ray_map_xyz: (-0.9366824528864932, 0.2672417982537348, -0.22629141327202967)
method: segmentation_mask_centroid_mode
matched_points: 255
target_name: chair
cluster_policy: bbox_ray_depth_mode
cluster_depth_m: 2.030718909011776
cluster_error: 0.4867365649288472
cluster_count: 20
bbox_center: (1.1153464847282963, -4.010203562531968, 0.20283096405796316)
bbox_size: (0.21342512062622987, 0.3474291356149708, 0.4053038942346377)
waypoint: {'x': 1.866523256818448, 'y': -4.260940306993415, 'heading': 2.8634490414996203}
