question: Find the chair
selected_index: 0
target_map_xyz: (0.5799741681110726, -3.8027847643546937, 0.3660058996071839)
camera_origin_map_xyz: (3.077776160545256, -4.595744705276938, 0.8502809586853465)
ray_map_xyz: (-0.9392271323027974, 0.2651664557602949, -0.2180347327509706)
method: segmentation_mask_centroid_mode
matched_points: 232
target_name: chair
cluster_policy: bbox_ray_depth_mode
cluster_depth_m: 2.666282662910491
cluster_error: 0.43596944773071145
cluster_count: 25
bbox_center: (0.6204899555609604, -3.8987732373477963, 0.25779135332581105)
bbox_size: (0.21392477404928956, 0.8647076708643029, 0.5152246774602369)
waypoint: {'x': 1.3424807427793792, 'y': -4.044825512138215, 'heading': 2.83422476482024}
